%TITLE%
KGFK   260802/2100
   LEVEL       HGHT       TEMP       DWPT       WDIR       WSPD
-------------------------------------------------------------------
%RAW%
  973.500000,    275.340000,     33.440000,     17.240000,    171.250000,     20.440000
  969.000000,    317.190000,     32.740000,     17.000000,    171.670000,     24.150000
  964.400000,    360.080000,     32.140000,     16.850000,    171.810000,     25.910000
  959.800000,    403.100000,     31.640000,     16.740000,    172.100000,     26.860000
  955.100000,    447.200000,     31.240000,     16.630000,    172.270000,     27.450000
  950.300000,    492.390000,     30.740000,     16.520000,    172.430000,     28.030000
  945.400000,    538.680000,     30.240000,     16.430000,    172.920000,     28.380000
  940.500000,    585.140000,     29.740000,     16.320000,    172.970000,     28.570000
  935.300000,    634.630000,     29.240000,     16.220000,    173.070000,     28.960000
  930.000000,    685.260000,     28.740000,     16.120000,    173.110000,     29.160000
  924.500000,    738.030000,     28.240000,     16.020000,    173.530000,     29.330000
  918.800000,    792.950000,     27.640000,     15.900000,    173.580000,     29.530000
  912.700000,    851.990000,     27.140000,     15.780000,    173.990000,     29.680000
  906.400000,    913.260000,     26.440000,     15.660000,    174.030000,     29.880000
  899.800000,    977.760000,     25.840000,     15.520000,    174.440000,     30.050000
  892.500000,   1049.500000,     25.140000,     15.380000,    174.840000,     30.230000
  884.500000,   1128.600000,     24.340000,     15.220000,    174.870000,     30.420000
  875.200000,   1221.190000,     23.440000,     15.010000,    175.630000,     30.590000
  864.400000,   1329.610000,     22.440000,     14.750000,    176.380000,     30.750000
  852.100000,   1454.280000,     21.340000,     13.750000,    181.770000,     31.490000
  838.000000,   1599.080000,     21.740000,      8.400000,    200.560000,     33.200000
  822.000000,   1766.380000,     22.140000,      6.560000,    212.520000,     31.800000
  803.900000,   1959.600000,     21.840000,      6.060000,    219.910000,     26.340000
  783.700000,   2179.930000,     21.140000,      1.440000,    232.000000,     23.660000
  761.300000,   2429.790000,     19.540000,     -2.410000,    239.970000,     24.460000
  736.900000,   2708.510000,     17.240000,     -2.010000,    239.350000,     24.380000
  710.500000,   3018.140000,     14.740000,     -2.180000,    240.190000,     21.480000
  682.600000,   3355.020000,     11.940000,     -2.750000,    241.010000,     16.430000
  653.600000,   3716.360000,      8.940000,     -4.480000,    245.460000,      9.830000
  623.800000,   4100.160000,      5.240000,     -4.360000,    264.470000,      6.040000
  593.500000,   4504.560000,      1.940000,     -6.000000,    301.870000,      8.470000
  562.700000,   4932.200000,     -1.260000,     -7.740000,    307.150000,     16.080000
  531.700000,   5381.110000,     -4.960000,     -9.670000,    304.030000,     18.050000
  500.500000,   5853.570000,     -8.560000,    -12.380000,    310.080000,     20.820000
  469.200000,   6350.980000,    -12.260000,    -17.610000,    313.180000,     21.580000
  438.200000,   6870.390000,    -15.260000,    -32.000000,    308.800000,     25.430000
  407.400000,   7416.650000,    -19.060000,    -38.180000,    306.230000,     27.930000
  377.000000,   7988.890000,    -23.160000,    -42.940000,    303.300000,     31.840000
  346.900000,   8592.350000,    -27.660000,    -50.330000,    299.030000,     38.440000
  317.400000,   9224.780000,    -32.460000,    -53.790000,    296.800000,     42.210000
  289.300000,   9870.440000,    -37.960000,    -55.670000,    298.320000,     45.450000
  263.100000,  10516.630000,    -43.260000,    -57.690000,    299.820000,     51.940000
  239.400000,  11146.760000,    -46.960000,    -61.610000,    298.990000,     53.300000
  218.000000,  11761.140000,    -51.060000,    -64.500000,    297.310000,     53.770000
  198.700000,  12359.980000,    -53.860000,    -68.130000,    298.300000,     57.360000
  181.300000,  12945.550000,    -55.860000,    -73.570000,    296.400000,     61.150000
  165.600000,  13520.070000,    -57.060000,    -74.170000,    292.390000,     59.670000
  151.100000,  14099.410000,    -57.260000,   -130.000000,    290.850000,     56.740000
  137.300000,  14704.640000,    -57.260000,   -130.000000,    295.000000,     47.800000
  124.000000,  15349.250000,    -56.760000,   -130.000000,    290.400000,     33.990000
  111.300000,  16031.130000,    -58.360000,   -130.000000,    294.040000,     29.560000
   98.900000,  16773.430000,    -58.560000,   -130.000000,    271.650000,     20.200000
   86.900000,  17586.120000,    -58.460000,   -130.000000,    273.220000,     17.310000
   75.100000,  18504.510000,    -57.860000,   -130.000000,    308.330000,     10.640000
   63.600000,  19555.080000,    -56.560000,   -130.000000,    270.000000,      1.360000
%END%
